35
Saccharomyces_cerevisiae       0.0000000 1.3378241 0.9806256 1.0111655 1.0522547 1.1099706 1.0301414 1.0958539 1.0955706 0.9852877 0.0748757 1.3097144 1.3023445 1.2332662 1.1263288 0.9721567 1.1157538 2.4337307 0.9943242 0.5476528 0.7939789 0.7474321 0.8080240 0.9987615 1.0349552 1.1308398 0.3721197 1.0762913 0.4580377 1.1481382 0.8339082 0.4787920 0.9526968 1.0226327 6.9588154 
Brettanomyces_bruxellensis     1.3378241 0.0000000 1.4146361 1.0777851 0.9879663 1.0035780 1.0172593 1.0308736 1.0904453 1.0119837 1.3173237 1.1698801 1.2474836 1.0338206 1.0425663 1.4636276 0.9683209 2.1603706 0.9923260 1.4312279 1.5466717 1.3405989 1.4414906 0.9794694 1.0474892 0.6336057 1.3456810 1.0162220 1.3468011 0.9372123 1.4085834 1.3769780 0.9461277 0.8805619 8.8566094 
Kluyveromyces_lactis           0.9806256 1.4146361 0.0000000 1.2083053 1.2676162 1.2403060 1.1569457 1.2940278 1.1603762 1.1604179 0.9906379 1.3636938 1.3687756 1.2886692 1.3304246 0.2298578 1.2557643 2.6449431 1.1493125 1.0425505 1.2059796 0.9908183 1.2854056 1.2045197 1.1626243 1.1877024 1.0266061 1.2653414 1.0148069 1.2828368 1.3344469 1.0265114 1.2050988 1.1660880 8.0984511 
Candida_margitis               1.0111655 1.0777851 1.2083053 0.0000000 0.4601313 0.4596287 0.2202506 0.5003624 0.6355509 0.2052966 1.0437275 1.0125072 1.0029614 0.8376065 0.8631003 1.2962047 0.7523814 2.4186298 0.5194041 1.1406891 1.3679039 1.0095526 1.2892157 0.2040657 0.5942212 0.8802110 1.1183155 1.1416155 1.1986264 0.8433231 1.3259103 1.1242681 0.7044870 0.6318591 7.2807596 
Candida                        1.0522547 0.9879663 1.2676162 0.4601313 0.0000000 0.2448828 0.4763740 0.4674176 0.6222517 0.4474884 1.0604158 1.0278496 1.0363361 0.7586193 0.8585718 1.3238507 0.6639725 2.5204301 0.4832819 1.2164884 1.4500287 1.0549840 1.2947941 0.4476918 0.5351321 0.8686732 1.1398470 1.1596994 1.1223736 0.8135621 1.3143817 1.1970716 0.7486159 0.6365711 6.6845237 
Candida_pseudojiufengensis     1.1099706 1.0035780 1.2403060 0.4596287 0.2448828 0.0000000 0.4659886 0.5075356 0.6704925 0.4723379 1.1211295 1.0104766 1.0247048 0.7189640 0.8563085 1.3251512 0.6565543 2.3632257 0.5166899 1.2175505 1.4077841 1.0618420 1.3202952 0.4918391 0.6024203 0.9042544 1.1828648 1.1409931 1.2063183 0.8386899 1.3314461 1.2366876 0.7384492 0.6715529 6.8023043 
Candida_theae                  1.0301414 1.0172593 1.1569457 0.2202506 0.4763740 0.4659886 0.0000000 0.5219038 0.5738268 0.1976229 1.0419127 0.9407560 0.9216199 0.7185702 0.7875514 1.2483631 0.6998918 2.3909105 0.4988814 1.1250090 1.3460814 0.9837397 1.2494849 0.2412599 0.5698443 0.8050247 1.0872411 1.0930716 1.1569726 0.8208791 1.2617840 1.1355427 0.7118973 0.6573421 7.3989686 
Candida_oxycetoniae            1.0958539 1.0308736 1.2940278 0.5003624 0.4674176 0.5075356 0.5219038 0.0000000 0.5697267 0.4615688 1.1250780 1.0908665 1.0690177 0.7525711 0.8378380 1.4240072 0.6596696 2.5077096 0.4959893 1.2147889 1.4408743 1.1363696 1.2922344 0.4778836 0.5739351 0.8304376 1.2097794 1.1447005 1.2182099 0.7820923 1.3117737 1.2669790 0.7313802 0.6249018 7.1071762 
Candida_subhashii              1.0955706 1.0904453 1.1603762 0.6355509 0.6222517 0.6704925 0.5738268 0.5697267 0.0000000 0.5314241 1.1166032 1.0147843 1.0305631 0.8036089 0.8606051 1.2758577 0.4955795 2.3850420 0.3546190 1.1541553 1.4829556 1.1772534 1.3133665 0.5607340 0.4006802 0.8845512 1.1315993 1.0845036 1.1763877 0.8308362 1.2459936 1.1906592 0.7517038 0.6926860 7.2410442 
Candida_metapsilosis           0.9852877 1.0119837 1.1604179 0.2052966 0.4474884 0.4723379 0.1976229 0.4615688 0.5314241 0.0000000 1.0198755 1.0167588 1.0111766 0.7579568 0.8029005 1.2336021 0.6622566 2.3621120 0.4554147 1.1320038 1.3681249 1.0012579 1.2275398 0.2015569 0.5254735 0.7674317 1.0931133 1.1291992 1.1451943 0.7413542 1.2182197 1.1406154 0.6776463 0.6401230 7.1336018 
Saccharomyces_paradoxus        0.0748757 1.3173237 0.9906379 1.0437275 1.0604158 1.1211295 1.0419127 1.1250780 1.1166032 1.0198755 0.0000000 1.3362609 1.3292280 1.2560060 1.1574454 0.9714267 1.1307946 2.4258909 1.0385232 0.5417850 0.7951708 0.7490093 0.7936218 1.0350175 1.0386018 1.1634906 0.3789363 1.0940281 0.4487280 1.1905010 0.8202457 0.4619956 0.9561662 1.0332497 7.0653787 
Schizosaccharomyces_japonicus  1.3097144 1.1698801 1.3636938 1.0125072 1.0278496 1.0104766 0.9407560 1.0908665 1.0147843 1.0167588 1.3362609 0.0000000 0.1337688 0.8119480 0.7601590 1.3968737 1.0446056 2.3544389 0.9315946 1.4979485 1.5883999 1.2740165 1.5538997 0.9072411 0.9914799 1.0035255 1.3743698 1.1602174 1.4285470 0.9134292 1.5229089 1.4964626 1.0267448 0.7681186 8.9273130 
Schizosaccharomyces_japonicus2 1.3023445 1.2474836 1.3687756 1.0029614 1.0363361 1.0247048 0.9216199 1.0690177 1.0305631 1.0111766 1.3292280 0.1337688 0.0000000 0.8016544 0.7336263 1.4274060 1.0946833 2.2647053 0.9101012 1.4252676 1.4827482 1.2315375 1.4742108 0.9264960 0.9629464 1.0116894 1.3608003 1.1142868 1.3562750 0.9216249 1.4977702 1.4052153 0.9931892 0.7450727 8.9999986 
Schizosaccharomyces_pombe      1.2332662 1.0338206 1.2886692 0.8376065 0.7586193 0.7189640 0.7185702 0.7525711 0.8036089 0.7579568 1.2560060 0.8119480 0.8016544 0.0000000 0.5902827 1.3312663 0.8218339 2.3830854 0.7438030 1.2964389 1.5343940 1.2481057 1.4447264 0.7205907 0.7844542 0.8697211 1.2682502 1.0852837 1.3274262 0.7607016 1.4275854 1.3002634 0.7851518 0.4690212 8.7276776 
Schizosaccharomyces_osmophilus 1.1263288 1.0425663 1.3304246 0.8631003 0.8585718 0.8563085 0.7875514 0.8378380 0.8606051 0.8029005 1.1574454 0.7601590 0.7336263 0.5902827 0.0000000 1.3975027 0.9114405 2.3143538 0.8027262 1.2511035 1.4871925 1.1851563 1.4038528 0.7708094 0.8480185 0.8630997 1.1714531 1.0117064 1.2178458 0.7639304 1.3803746 1.2454580 0.7869328 0.5109474 7.4388243 
Kluyveromyces_marxianus        0.9721567 1.4636276 0.2298578 1.2962047 1.3238507 1.3251512 1.2483631 1.4240072 1.2758577 1.2336021 0.9714267 1.3968737 1.4274060 1.3312663 1.3975027 0.0000000 1.3393606 2.6062688 1.2574911 1.0029783 1.2499144 1.0208356 1.3171863 1.2994704 1.2259574 1.2679864 0.9395144 1.2087664 1.0404086 1.3411924 1.3779808 0.9776764 1.2386468 1.2476749 8.7899757 
Scheffersomyces_stipitis       1.1157538 0.9683209 1.2557643 0.7523814 0.6639725 0.6565543 0.6998918 0.6596696 0.4955795 0.6622566 1.1307946 1.0446056 1.0946833 0.8218339 0.9114405 1.3393606 0.0000000 2.1826114 0.5486067 1.2189081 1.4535519 1.2245191 1.2950866 0.6821242 0.5763616 0.8472453 1.1910309 0.8986450 1.1986385 0.7866925 1.2948582 1.2372183 0.7915860 0.7228257 8.0727424 
Gonapodya_sp.                  2.4337307 2.1603706 2.6449431 2.4186298 2.5204301 2.3632257 2.3909105 2.5077096 2.3850420 2.3621120 2.4258909 2.3544389 2.2647053 2.3830854 2.3143538 2.6062688 2.1826114 0.0000000 2.3245630 2.5143602 2.4914676 2.6623243 2.2930521 2.3424544 2.3364484 2.3115498 2.5317333 4.4326705 2.3884970 2.3187860 2.2751976 2.6128985 2.2197868 2.3529800 8.9999980 
Candida_albicans               0.9943242 0.9923260 1.1493125 0.5194041 0.4832819 0.5166899 0.4988814 0.4959893 0.3546190 0.4554147 1.0385232 0.9315946 0.9101012 0.7438030 0.8027262 1.2574911 0.5486067 2.3245630 0.0000000 1.0632078 1.3939730 1.0596576 1.2241164 0.4717117 0.2484674 0.8267578 1.0139926 1.0255481 1.0702297 0.6575495 1.2024767 1.0461078 0.6231233 0.5742515 7.7569863 
Torulaspora_delbrueckii        0.5476528 1.4312279 1.0425505 1.1406891 1.2164884 1.2175505 1.1250090 1.2147889 1.1541553 1.1320038 0.5417850 1.4979485 1.4252676 1.2964389 1.2511035 1.0029783 1.2189081 2.5143602 1.0632078 0.0000000 0.8177928 0.7999275 0.8199081 1.1081317 1.1686353 1.2802388 0.5517159 1.1557897 0.5813147 1.3796225 0.8745330 0.3424780 1.0139554 1.1420882 7.9319894 
Zygosaccharomyces_bailii       0.7939789 1.5466717 1.2059796 1.3679039 1.4500287 1.4077841 1.3460814 1.4408743 1.4829556 1.3681249 0.7951708 1.5883999 1.4827482 1.5343940 1.4871925 1.2499144 1.4535519 2.4914676 1.3939730 0.8177928 0.0000000 0.9667484 0.4555483 1.3786055 1.3583284 1.3761359 0.8692567 1.2108155 0.8221591 1.5062379 0.5309422 0.7898778 1.3545285 1.3892359 7.3706692 
Lachancea_fermentati           0.7474321 1.3405989 0.9908183 1.0095526 1.0549840 1.0618420 0.9837397 1.1363696 1.1772534 1.0012579 0.7490093 1.2740165 1.2315375 1.2481057 1.1851563 1.0208356 1.2245191 2.6623243 1.0596576 0.7999275 0.9667484 0.0000000 0.9933657 1.0464519 1.0935987 1.2056928 0.8276109 1.1191235 0.8550444 1.2177089 1.0384213 0.7480066 1.0670416 1.0933922 7.6801608 
Zygosaccharomyces_rouxii       0.8080240 1.4414906 1.2854056 1.2892157 1.2947941 1.3202952 1.2494849 1.2922344 1.3133665 1.2275398 0.7936218 1.5538997 1.4742108 1.4447264 1.4038528 1.3171863 1.2950866 2.2930521 1.2241164 0.8199081 0.4555483 0.9933657 0.0000000 1.2821157 1.2880214 1.3763245 0.8330230 1.1845765 0.8475312 1.3850061 0.2291942 0.7835196 1.2310659 1.3606033 7.4347029 
Candida_parapsilosis           0.9987615 0.9794694 1.2045197 0.2040657 0.4476918 0.4918391 0.2412599 0.4778836 0.5607340 0.2015569 1.0350175 0.9072411 0.9264960 0.7205907 0.7708094 1.2994704 0.6821242 2.3424544 0.4717117 1.1081317 1.3786055 1.0464519 1.2821157 0.0000000 0.5465306 0.7954425 1.0623559 1.1385095 1.1574868 0.7675406 1.2879012 1.1206841 0.6989801 0.5959569 7.3622476 
Candida_viswanathii            1.0349552 1.0474892 1.1626243 0.5942212 0.5351321 0.6024203 0.5698443 0.5739351 0.4006802 0.5254735 1.0386018 0.9914799 0.9629464 0.7844542 0.8480185 1.2259574 0.5763616 2.3364484 0.2484674 1.1686353 1.3583284 1.0935987 1.2880214 0.5465306 0.0000000 0.8585972 1.0182325 1.0728826 1.0811915 0.7511026 1.2471481 1.0901903 0.7434513 0.6713167 7.8470885 
Brettanomyces_nanus            1.1308398 0.6336057 1.1877024 0.8802110 0.8686732 0.9042544 0.8050247 0.8304376 0.8845512 0.7674317 1.1634906 1.0035255 1.0116894 0.8697211 0.8630997 1.2679864 0.8472453 2.3115498 0.8267578 1.2802388 1.3761359 1.2056928 1.3763245 0.7954425 0.8585972 0.0000000 1.2253287 0.9937548 1.2814830 0.7808824 1.3240287 1.2152000 0.8747003 0.7625887 8.7499182 
Kazachstania_unispora          0.3721197 1.3456810 1.0266061 1.1183155 1.1398470 1.1828648 1.0872411 1.2097794 1.1315993 1.0931133 0.3789363 1.3743698 1.3608003 1.2682502 1.1714531 0.9395144 1.1910309 2.5317333 1.0139926 0.5517159 0.8692567 0.8276109 0.8330230 1.0623559 1.0182325 1.2253287 0.0000000 1.0341465 0.3995644 1.2002573 0.8196409 0.4524464 1.0579765 1.1430778 7.3464082 
Purpureocillium_lilacinum      1.0762913 1.0162220 1.2653414 1.1416155 1.1596994 1.1409931 1.0930716 1.1447005 1.0845036 1.1291992 1.0940281 1.1602174 1.1142868 1.0852837 1.0117064 1.2087664 0.8986450 4.4326705 1.0255481 1.1557897 1.2108155 1.1191235 1.1845765 1.1385095 1.0728826 0.9937548 1.0341465 0.0000000 1.0411653 0.9753730 1.0629469 1.1025139 0.9420847 1.0365475 7.5087412 
Kazachstania_exigua            0.4580377 1.3468011 1.0148069 1.1986264 1.1223736 1.2063183 1.1569726 1.2182099 1.1763877 1.1451943 0.4487280 1.4285470 1.3562750 1.3274262 1.2178458 1.0404086 1.1986385 2.3884970 1.0702297 0.5813147 0.8221591 0.8550444 0.8475312 1.1574868 1.0811915 1.2814830 0.3995644 1.0411653 0.0000000 1.3166583 0.8614736 0.5604450 1.1018315 1.1629063 7.3594370 
Clavispora_lusitaniae          1.1481382 0.9372123 1.2828368 0.8433231 0.8135621 0.8386899 0.8208791 0.7820923 0.8308362 0.7413542 1.1905010 0.9134292 0.9216249 0.7607016 0.7639304 1.3411924 0.7866925 2.3187860 0.6575495 1.3796225 1.5062379 1.2177089 1.3850061 0.7675406 0.7511026 0.7808824 1.2002573 0.9753730 1.3166583 0.0000000 1.3239639 1.3127211 0.8015751 0.6748734 8.4518712 
Zygosaccharomyces_mellis       0.8339082 1.4085834 1.3344469 1.3259103 1.3143817 1.3314461 1.2617840 1.3117737 1.2459936 1.2182197 0.8202457 1.5229089 1.4977702 1.4275854 1.3803746 1.3779808 1.2948582 2.2751976 1.2024767 0.8745330 0.5309422 1.0384213 0.2291942 1.2879012 1.2471481 1.3240287 0.8196409 1.0629469 0.8614736 1.3239639 0.0000000 0.8193105 1.2365150 1.3145469 7.1302134 
Zygotorulaspora_mrakii         0.4787920 1.3769780 1.0265114 1.1242681 1.1970716 1.2366876 1.1355427 1.2669790 1.1906592 1.1406154 0.4619956 1.4964626 1.4052153 1.3002634 1.2454580 0.9776764 1.2372183 2.6128985 1.0461078 0.3424780 0.7898778 0.7480066 0.7835196 1.1206841 1.0901903 1.2152000 0.4524464 1.1025139 0.5604450 1.3127211 0.8193105 0.0000000 1.0339692 1.1046868 8.4284962 
Candida_railenensis            0.9526968 0.9461277 1.2050988 0.7044870 0.7486159 0.7384492 0.7118973 0.7313802 0.7517038 0.6776463 0.9561662 1.0267448 0.9931892 0.7851518 0.7869328 1.2386468 0.7915860 2.2197868 0.6231233 1.0139554 1.3545285 1.0670416 1.2310659 0.6989801 0.7434513 0.8747003 1.0579765 0.9420847 1.1018315 0.8015751 1.2365150 1.0339692 0.0000000 0.6375298 8.3332688 
Debaryomyces_fabryi            1.0226327 0.8805619 1.1660880 0.6318591 0.6365711 0.6715529 0.6573421 0.6249018 0.6926860 0.6401230 1.0332497 0.7681186 0.7450727 0.4690212 0.5109474 1.2476749 0.7228257 2.3529800 0.5742515 1.1420882 1.3892359 1.0933922 1.3606033 0.5959569 0.6713167 0.7625887 1.1430778 1.0365475 1.1629063 0.6748734 1.3145469 1.1046868 0.6375298 0.0000000 7.6233231 
Rhizopus_azygosporus           6.9588154 8.8566094 8.0984511 7.2807596 6.6845237 6.8023043 7.3989686 7.1071762 7.2410442 7.1336018 7.0653787 8.9273130 8.9999986 8.7276776 7.4388243 8.7899757 8.0727424 8.9999980 7.7569863 7.9319894 7.3706692 7.6801608 7.4347029 7.3622476 7.8470885 8.7499182 7.3464082 7.5087412 7.3594370 8.4518712 7.1302134 8.4284962 8.3332688 7.6233231 0.0000000 
