35
CAA84961.1                      0.0000000 1.3210562 0.9388345 0.9587467 1.0426328 1.1006633 1.0009479 1.0570799 1.0834283 0.9625239 0.0747601 1.2845312 1.3000932 1.2188791 1.1157195 0.9037331 1.1123526 2.1999013 0.9516235 0.5376009 0.7307765 0.7094269 0.7760420 0.9664420 0.9843283 1.1001585 0.3678297 0.9695871 0.4521275 1.1569716 0.7949399 0.4712843 0.9825888 1.0251485 8.9118722 
VUG17967.1                      1.3210562 0.0000000 1.3819103 1.0489643 0.9767638 0.9902801 1.0213589 1.0142011 1.0605634 1.0140192 1.3055357 1.1459801 1.2010404 0.9843210 1.0225778 1.4298855 0.9423683 1.9982848 0.9577530 1.4047185 1.4862494 1.3065618 1.3821105 1.0000059 1.0107276 0.6265234 1.3229779 0.9832173 1.3523881 0.9222153 1.3530365 1.3609435 0.9714364 0.8583962 8.9999981 
QEU59161.1                      0.9388345 1.3819103 0.0000000 1.1479474 1.2137781 1.1714797 1.1385697 1.2630707 1.1302769 1.1399428 0.9486699 1.3568441 1.3784394 1.2512741 1.2990693 0.2284574 1.2139205 2.5370173 1.1058958 1.0232260 1.1513493 0.9705648 1.2247718 1.1935900 1.1165351 1.1748068 0.9677183 1.1792983 0.9865126 1.2838722 1.2484321 0.9852455 1.1720779 1.1228369 8.9999986 
XP_051668922.1                  0.9587467 1.0489643 1.1479474 0.0000000 0.4461529 0.4480371 0.2117236 0.4810876 0.6108002 0.1991040 0.9926570 0.9648669 0.9562486 0.7900779 0.8334123 1.2420739 0.7196070 2.2605012 0.4927666 1.0753347 1.2543504 0.9653722 1.2197259 0.1940112 0.5682366 0.8388168 1.0543887 1.0518126 1.1541498 0.8046750 1.2434123 1.0490074 0.6831495 0.6181188 8.4568774 
XP_051620062.1                  1.0426328 0.9767638 1.2137781 0.4461529 0.0000000 0.2435694 0.4744910 0.4629750 0.6179445 0.4435787 1.0570109 0.9993558 1.0119297 0.7419781 0.8390119 1.2520627 0.6539787 2.3113305 0.4774511 1.1694375 1.3616088 1.0347663 1.2453724 0.4438737 0.5289291 0.8510411 1.1124786 1.0452427 1.0899304 0.8027851 1.2543030 1.1548663 0.7270192 0.6188486 7.2497468 
XP_051612032.1                  1.1006633 0.9902801 1.1714797 0.4480371 0.2435694 0.0000000 0.4630461 0.5030441 0.6650351 0.4688576 1.1169241 0.9820338 0.9955479 0.7123033 0.8459818 1.2453838 0.6456374 2.1994771 0.5113429 1.1564777 1.3102403 1.0404923 1.2381630 0.4884082 0.5940512 0.8899803 1.1583052 1.0528599 1.1626817 0.8394333 1.2291700 1.1911919 0.7154458 0.6649137 7.5860471 
XP_051610991.1                  1.0009479 1.0213589 1.1385697 0.2117236 0.4744910 0.4630461 0.0000000 0.5165518 0.5730046 0.1968680 1.0267128 0.9237973 0.9062161 0.7097672 0.7778375 1.2091971 0.6915994 2.2183936 0.4935942 1.0795149 1.2663829 0.9656408 1.2222023 0.2396394 0.5556729 0.7855835 1.0531386 0.9713294 1.1610292 0.7953865 1.2271129 1.0919037 0.7315916 0.6569002 8.2067493 
XP_049180671.1                  1.0570799 1.0142011 1.2630707 0.4810876 0.4629750 0.5030441 0.5165518 0.0000000 0.5627397 0.4572779 1.0824277 1.0804866 1.0607290 0.7528655 0.8301202 1.3658281 0.6500480 2.2586346 0.4951042 1.1611629 1.3302598 1.1369757 1.2465367 0.4722106 0.5717191 0.8108565 1.1840758 1.0355164 1.1936517 0.7722830 1.2675375 1.2142096 0.7265352 0.6289767 8.6225776 
XP_049260654.1                  1.0834283 1.0605634 1.1302769 0.6108002 0.6179445 0.6650351 0.5730046 0.5627397 0.0000000 0.5236362 1.1013037 0.9932361 1.0073676 0.7884833 0.8416631 1.2291054 0.4906793 2.2555451 0.3565932 1.1220696 1.3701587 1.1650791 1.2464430 0.5513409 0.4017098 0.8420609 1.1096250 0.9853900 1.1654335 0.8235222 1.2048450 1.1749431 0.7469092 0.6870032 8.0232314 
KAG5421763.1                    0.9625239 1.0140192 1.1399428 0.1991040 0.4435787 0.4688576 0.1968680 0.4572779 0.5236362 0.0000000 0.9992635 0.9981255 0.9965655 0.7429087 0.8016321 1.1900981 0.6553521 2.2045679 0.4515196 1.0776161 1.2701574 0.9855262 1.1808620 0.2002329 0.5150593 0.7595882 1.0395737 1.0134184 1.1167243 0.7438958 1.1630595 1.0806572 0.6830578 0.6470447 8.5893635 
XP_033764616.1                  0.0747601 1.3055357 0.9486699 0.9926570 1.0570109 1.1169241 1.0267128 1.0824277 1.1013037 0.9992635 0.0000000 1.3145689 1.3292614 1.2414009 1.1456315 0.9044396 1.1243576 2.1978620 0.9871978 0.5344891 0.7300934 0.7121100 0.7600547 0.9959736 0.9925499 1.1259764 0.3724551 0.9749118 0.4441735 1.1986668 0.7812630 0.4547870 0.9858691 1.0376541 8.7579028 
XP_002174949.1                  1.2845312 1.1459801 1.3568441 0.9648669 0.9993558 0.9820338 0.9237973 1.0804866 0.9932361 0.9981255 1.3145689 0.0000000 0.1333785 0.7959832 0.7543265 1.3762440 1.0274455 2.1747685 0.9162906 1.4022985 1.5008911 1.2562198 1.4956256 0.8806295 0.9654644 0.9750687 1.3353366 1.0628735 1.4259343 0.9170156 1.4343644 1.4252968 0.9852053 0.7642267 8.9999988 
XP_002174127.1                  1.3000932 1.2010404 1.3784394 0.9562486 1.0119297 0.9955479 0.9062161 1.0607290 1.0073676 0.9965655 1.3292614 0.1333785 0.0000000 0.7808496 0.7282471 1.4229534 1.0805838 2.0896228 0.8971717 1.3491594 1.4376064 1.2552071 1.4610220 0.9016536 0.9385194 0.9812656 1.3408441 0.9952170 1.3762013 0.9321642 1.4274526 1.3528323 0.9591735 0.7423148 8.9999987 
Gal10_SHCPO_Schizosaccharomyces 1.2188791 0.9843210 1.2512741 0.7900779 0.7419781 0.7123033 0.7097672 0.7528655 0.7884833 0.7429087 1.2414009 0.7959832 0.7808496 0.0000000 0.5943984 1.3028452 0.8047913 2.2758868 0.7322719 1.2368251 1.4706258 1.2392252 1.3641332 0.7157016 0.7642302 0.8255222 1.2292690 1.0068242 1.3236131 0.7438246 1.3348587 1.2348266 0.7757877 0.4605719 8.7801422 
WBW74777.1                      1.1157195 1.0225778 1.2990693 0.8334123 0.8390119 0.8459818 0.7778375 0.8301202 0.8416631 0.8016321 1.1456315 0.7543265 0.7282471 0.5943984 0.0000000 1.3703327 0.8864580 2.1296580 0.7905241 1.1758311 1.3741361 1.1851118 1.3360005 0.7621625 0.8362460 0.8373628 1.1649934 0.9403802 1.2031366 0.7776820 1.3138458 1.1960394 0.7762021 0.5164159 8.9064292 
XP_022674660.1                  0.9037331 1.4298855 0.2284574 1.2420739 1.2520627 1.2453838 1.2091971 1.3658281 1.2291054 1.1900981 0.9044396 1.3762440 1.4229534 1.3028452 1.3703327 0.0000000 1.2981921 2.4650684 1.1874969 0.9664082 1.1756314 0.9907317 1.2286590 1.2690782 1.1655810 1.2379366 0.8782768 1.0932747 0.9933384 1.3326206 1.3023797 0.9284802 1.2067198 1.1991681 8.9999988 
XP_001383357.2                  1.1123526 0.9423683 1.2139205 0.7196070 0.6539787 0.6456374 0.6915994 0.6500480 0.4906793 0.6553521 1.1243576 1.0274455 1.0805838 0.8047913 0.8864580 1.2981921 0.0000000 2.0339344 0.5444958 1.1799984 1.3843438 1.2157341 1.2471466 0.6711778 0.5797117 0.8229679 1.1792362 0.8474199 1.1726213 0.7862488 1.2376751 1.2181342 0.7768514 0.7167510 8.9999985 
KAJ3340123.1                    2.1999013 1.9982848 2.5370173 2.2605012 2.3113305 2.1994771 2.2183936 2.2586346 2.2555451 2.2045679 2.1978620 2.1747685 2.0896228 2.2758868 2.1296580 2.4650684 2.0339344 0.0000000 2.2095152 2.3263221 2.3100248 2.5358633 2.1660981 2.2006002 2.2484056 2.1840636 2.2842721 4.0003016 2.1961270 2.2006227 2.1424754 2.4833005 2.0722975 2.1364026 8.9999988 
XP_713766.2                     0.9516235 0.9577530 1.1058958 0.4927666 0.4774511 0.5113429 0.4935942 0.4951042 0.3565932 0.4515196 0.9871978 0.9162906 0.8971717 0.7322719 0.7905241 1.1874969 0.5444958 2.2095152 0.0000000 1.0152719 1.2875657 1.0079363 1.1442461 0.4616848 0.2480860 0.8102971 0.9864688 0.9387446 1.0544441 0.6496363 1.1233209 1.0132475 0.6159370 0.5771588 8.3581400 
CCE92258.1                      0.5376009 1.4047185 1.0232260 1.0753347 1.1694375 1.1564777 1.0795149 1.1611629 1.1220696 1.0776161 0.5344891 1.4022985 1.3491594 1.2368251 1.1758311 0.9664082 1.1799984 2.3263221 1.0152719 0.0000000 0.7761989 0.7814535 0.8108351 1.0478051 1.0914726 1.2000887 0.5359740 1.0909206 0.5729393 1.3054135 0.8587731 0.3343664 1.0354536 1.0906174 8.9999988 
SJM83303.1                      0.7307765 1.4862494 1.1513493 1.2543504 1.3616088 1.3102403 1.2663829 1.3302598 1.3701587 1.2701574 0.7300934 1.5008911 1.4376064 1.4706258 1.3741361 1.1756314 1.3843438 2.3100248 1.2875657 0.7761989 0.0000000 0.9141619 0.4385299 1.2650103 1.2780617 1.3202535 0.7859536 1.0951772 0.7784401 1.4521844 0.5100468 0.7581543 1.3773471 1.3172366 8.9999986 
SCW04559.1                      0.7094269 1.3065618 0.9705648 0.9653722 1.0347663 1.0404923 0.9656408 1.1369757 1.1650791 0.9855262 0.7121100 1.2562198 1.2552071 1.2392252 1.1851118 0.9907317 1.2157341 2.5358633 1.0079363 0.7814535 0.9141619 0.0000000 0.9676541 1.0139772 1.0473983 1.1974831 0.7911780 0.9944063 0.8260880 1.2360677 1.0060343 0.7247387 1.1157251 1.1067661 8.9999987 
CAR25619.1                      0.7760420 1.3821105 1.2247718 1.2197259 1.2453724 1.2381630 1.2222023 1.2465367 1.2464430 1.1808620 0.7600547 1.4956256 1.4610220 1.3641332 1.3360005 1.2286590 1.2471466 2.1660981 1.1442461 0.8108351 0.4385299 0.9676541 0.0000000 1.2174442 1.1870394 1.2896931 0.7907968 1.1041990 0.8240461 1.3691250 0.2279174 0.7566013 1.2148777 1.2887090 8.9999984 
CCE40579.1                      0.9664420 1.0000059 1.1935900 0.1940112 0.4438737 0.4884082 0.2396394 0.4722106 0.5513409 0.2002329 0.9959736 0.8806295 0.9016536 0.7157016 0.7621625 1.2690782 0.6711778 2.2006002 0.4616848 1.0478051 1.2650103 1.0139772 1.2174442 0.0000000 0.5388698 0.7853364 1.0113985 1.0380842 1.1334486 0.7571678 1.2311930 1.0500695 0.7103862 0.5991522 8.2073057 
RCK55608.1                      0.9843283 1.0107276 1.1165351 0.5682366 0.5289291 0.5940512 0.5556729 0.5717191 0.4017098 0.5150593 0.9925499 0.9654644 0.9385194 0.7642302 0.8362460 1.1655810 0.5797117 2.2484056 0.2480860 1.0914726 1.2780617 1.0473983 1.1870394 0.5388698 0.0000000 0.8490767 0.9846155 0.9763553 1.0686043 0.7447799 1.1553144 1.0418386 0.7369835 0.6665895 8.7968916 
QPG75505.1                      1.1001585 0.6265234 1.1748068 0.8388168 0.8510411 0.8899803 0.7855835 0.8108565 0.8420609 0.7595882 1.1259764 0.9750687 0.9812656 0.8255222 0.8373628 1.2379366 0.8229679 2.1840636 0.8102971 1.2000887 1.3202535 1.1974831 1.2896931 0.7853364 0.8490767 0.0000000 1.1919468 0.9517883 1.2309677 0.7726335 1.2112680 1.1794873 0.8418087 0.7447575 8.9999984 
KAG0662867.1                    0.3678297 1.3229779 0.9677183 1.0543887 1.1124786 1.1583052 1.0531386 1.1840758 1.1096250 1.0395737 0.3724551 1.3353366 1.3408441 1.2292690 1.1649934 0.8782768 1.1792362 2.2842721 0.9864688 0.5359740 0.7859536 0.7911780 0.7907968 1.0113985 0.9846155 1.1919468 0.0000000 0.9588589 0.3945973 1.2063583 0.7743251 0.4466645 1.0628527 1.1142890 8.8651948 
PWI71446.1                      0.9695871 0.9832173 1.1792983 1.0518126 1.0452427 1.0528599 0.9713294 1.0355164 0.9853900 1.0134184 0.9749118 1.0628735 0.9952170 1.0068242 0.9403802 1.0932747 0.8474199 4.0003016 0.9387446 1.0909206 1.0951772 0.9944063 1.1041990 1.0380842 0.9763553 0.9517883 0.9588589 0.0000000 0.9830359 0.8936125 0.9476414 1.0153022 0.8867147 0.9384782 8.9999989 
KAG0654564.1                    0.4521275 1.3523881 0.9865126 1.1541498 1.0899304 1.1626817 1.1610292 1.1936517 1.1654335 1.1167243 0.4441735 1.4259343 1.3762013 1.3236131 1.2031366 0.9933384 1.1726213 2.1961270 1.0544441 0.5729393 0.7784401 0.8260880 0.8240461 1.1334486 1.0686043 1.2309677 0.3945973 0.9830359 0.0000000 1.3027419 0.8259958 0.5566434 1.1325277 1.1561517 8.9999984 
QFZ29499.1                      1.1569716 0.9222153 1.2838722 0.8046750 0.8027851 0.8394333 0.7953865 0.7722830 0.8235222 0.7438958 1.1986668 0.9170156 0.9321642 0.7438246 0.7776820 1.3326206 0.7862488 2.2006227 0.6496363 1.3054135 1.4521844 1.2360677 1.3691250 0.7571678 0.7447799 0.7726335 1.2063583 0.8936125 1.3027419 0.0000000 1.2784205 1.2694665 0.8008607 0.6859151 8.9999989 
GCE99669.1                      0.7949399 1.3530365 1.2484321 1.2434123 1.2543030 1.2291700 1.2271129 1.2675375 1.2048450 1.1630595 0.7812630 1.4343644 1.4274526 1.3348587 1.3138458 1.3023797 1.2376751 2.1424754 1.1233209 0.8587731 0.5100468 1.0060343 0.2279174 1.2311930 1.1553144 1.2112680 0.7743251 0.9476414 0.8259958 1.2784205 0.0000000 0.7836232 1.2081212 1.2590215 8.9999982 
QLG73771.1                      0.4712843 1.3609435 0.9852455 1.0490074 1.1548663 1.1911919 1.0919037 1.2142096 1.1749431 1.0806572 0.4547870 1.4252968 1.3528323 1.2348266 1.1960394 0.9284802 1.2181342 2.4833005 1.0132475 0.3343664 0.7581543 0.7247387 0.7566013 1.0500695 1.0418386 1.1794873 0.4466645 1.0153022 0.5566434 1.2694665 0.7836232 0.0000000 1.0297193 1.0449794 8.9999981 
CAH2350628.1                    0.9825888 0.9714364 1.1720779 0.6831495 0.7270192 0.7154458 0.7315916 0.7265352 0.7469092 0.6830578 0.9858691 0.9852053 0.9591735 0.7757877 0.7762021 1.2067198 0.7768514 2.0722975 0.6159370 1.0354536 1.3773471 1.1157251 1.2148777 0.7103862 0.7369835 0.8418087 1.0628527 0.8867147 1.1325277 0.8008607 1.2081212 1.0297193 0.0000000 0.6379693 8.9999987 
KSA00722.1                      1.0251485 0.8583962 1.1228369 0.6181188 0.6188486 0.6649137 0.6569002 0.6289767 0.6870032 0.6470447 1.0376541 0.7642267 0.7423148 0.4605719 0.5164159 1.1991681 0.7167510 2.1364026 0.5771588 1.0906174 1.3172366 1.1067661 1.2887090 0.5991522 0.6665895 0.7447575 1.1142890 0.9384782 1.1561517 0.6859151 1.2590215 1.0449794 0.6379693 0.0000000 7.5207919 
RCH81885.1                      8.9118722 8.9999981 8.9999986 8.4568774 7.2497468 7.5860471 8.2067493 8.6225776 8.0232314 8.5893635 8.7579028 8.9999988 8.9999987 8.7801422 8.9064292 8.9999988 8.9999985 8.9999988 8.3581400 8.9999988 8.9999986 8.9999987 8.9999984 8.2073057 8.7968916 8.9999984 8.8651948 8.9999989 8.9999984 8.9999989 8.9999982 8.9999981 8.9999987 7.5207919 0.0000000 
